function [A,b,n] = dane_zd3()
    A = [4 1 1 1;
         1 9 -5 2;
         2 3 -10 -3;
         1 2 -6 -14];

     b = [3 ; 15 ; 6 ; 28];

     n = 4;
end