function A = matrix4()
    A = [1, 1, 7, 5, 2;
         1, 8, 5, 4, 4;
         7, 5, 0, 8, 8;
         5, 4, 8, 0, 8;
         2, 4, 8, 8, 1];
end